9999 here:[29998, 14999, 44998, 22499, 67498, 33749, 101248, 50624, 25312, 12656, 6328, 3164, 1582, 791, 2374, 1187, 3562, 1781, 5344, 2672, 1336, 668, 334, 167, 502, 251, 754, 377, 1132, 566, 283, 850, 425, 1276, 638, 319, 958, 479, 1438, 719, 2158, 1079, 3238, 1619, 4858, 2429, 7288, 3644, 1822, 911, 2734, 1367, 4102, 2051, 6154, 3077, 9232, 4616, 2308, 1154, 577, 1732, 866, 433, 1300, 650, 325, 976, 488, 244, 122, 61, 184, 92, 46, 23, 70, 35, 106, 53, 160, 80, 40, 20, 10, 5, 16, 8, 4, 2, 1, 4, 2, 1] 
that's 94 items. 
991, 65974, 32987, 98962, 49481, 148444, 74222, 37111, 111334, 55667, 167002, 83501, 250504, 125252, 62626, 31313, 93940, 46970, 23485, 70456, 35228, 17614, 8807, 26422, 13211, 39634, 19817, 59452, 29726, 14863, 44590, 22295, 66886, 33443, 100330, 50165, 150496, 75248, 37624, 18812, 9406, 4703, 14110, 7055, 21166, 10583, 31750, 15875, 47626, 23813, 71440, 35720, 17860, 8930, 4465, 13396, 6698, 3349, 10048, 5024, 2512, 1256, 628, 314, 157, 472, 236, 118, 59, 178, 89, 268, 134, 67, 202, 101, 304, 152, 76, 38, 19, 58, 29, 88, 44, 22, 11, 34, 17, 52, 26, 13, 40, 20, 10, 5, 16, 8, 4, 2, 1, 4, 2, 1] 
that's 182 items. 
1276, 638, 319, 958, 479, 1438, 719, 2158, 1079, 3238, 1619, 4858, 2429, 7288, 3644, 1822, 911, 2734, 1367, 4102, 2051, 6154, 3077, 9232, 4616, 2308, 1154, 577, 1732, 866, 433, 1300, 650, 325, 976, 488, 244, 122, 61, 184, 92, 46, 23, 70, 35, 106, 53, 160, 80, 40, 20, 10, 5, 16, 8, 4, 2, 1, 4, 2, 1] 
that's 244 items. 
ms. 
6, 488, 244, 122, 61, 184, 92, 46, 23, 70, 35, 106, 53, 160, 80, 40, 20, 10, 5, 16, 8, 4, 2, 1, 4, 2, 1] 
that's 262 items. 
 264 items. 
